chromosome	position	GC.percent	good.reads	adjusted.ratio	F	mutation	CNn	CNt	Mt	LPP
1	14933	56	47	1.36069733026545	0.106	G>A	2	3	1	-22.9896992529041
1	2585368	63	40	1.35752596627487	0.125	C>A	2	3	1	-21.7095759210046
1	2585890	60	59	1.35752596627487	0.169	C>A	2	3	1	-16.574406530983
1	2587033	60	47	1.35752596627487	0.128	C>G	2	3	1	-20.5207948520326
1	2689085	62	41	1.35752596627487	0.244	G>C	2	3	1	-12.2473094498535
1	16924968	42	45	1.27180090548183	0.111	T>A	2	3	1	-23.2734709866913
1	16941997	62	65	1.27180090548183	0.108	A>C	2	3	1	-23.2734709866913
1	16941998	62	63	1.27180090548183	0.111	G>T	2	3	1	-23.2734709866913
1	16944105	49	55	1.27180090548183	0.127	C>T	2	3	1	-20.8045665858198
1	16945409	62	61	1.27180090548183	0.164	T>A	2	3	1	-17.7321753315127
1	16952267	64	58	1.27180090548183	0.121	T>C	2	3	1	-21.9933476547919
1	16963899	55	55	1.27180090548183	0.109	T>C	2	3	1	-23.2734709866913
1	16967171	51	46	1.27180090548183	0.217	A>G	2	3	1	-13.4708346098176
1	17030092	42	41	1.27180090548183	0.39	A>C	2	3	1	-11.7501196046771
1	17043321	61	46	1.27180090548183	0.217	G>A	2	3	1	-13.4708346098176
1	17043460	68	40	1.27180090548183	0.1	A>G	2	3	1	-24.6517789961786
1	17050741	68	43	1.27180090548183	0.209	C>T	2	3	1	-14.0256336208817
1	17051845	65	55	1.27180090548183	0.2	C>T	2	3	1	-14.6395314297875
1	17053946	45	78	1.27180090548183	0.179	C>T	2	3	1	-16.0533158029144
1	144012973	47	43	0.92066867089545	0.163	G>A	2	2	1	-33.6829319131402
1	144999126	52	49	0.92066867089545	0.122	C>T	2	2	0	-29.6658755881031
1	145008496	27	45	0.92066867089545	0.267	G>A	2	2	1	-20.1737074497671
1	145008569	45	45	0.92066867089545	0.2	G>A	2	2	1	-27.9359344981414
1	145023436	37	51	0.92066867089545	0.137	A>G	2	2	0	-35.1168770423163
1	145072216	34	55	0.92066867089545	0.182	T>G	2	2	1	-30.6768956279052
1	145076041	63	50	0.92066867089545	0.16	C>T	2	2	1	-33.6829319131402
1	145230421	40	45	0.968836027725989	0.156	T>C	2	2	1	-33.5979851336459
1	145290317	48	40	0.968836027725989	0.15	C>T	2	2	1	-35.2080296581702
2	3184288	60	48	1.05454524252664	0.125	C>T	2	2	0	-29.5298820905617
2	89879824	41	48	0.763	0.125	G>C	2	2	0	-30.6876623543437
2	90372367	34	50	0.975834523197625	0.12	T>C	2	2	0	-29.5809288086088
2	90478294	43	61	0.975834523197625	0.115	C>T	2	2	0	-29.5809288086088
2	90482326	70	48	0.975834523197625	0.104	C>A	2	2	0	-24.4963332258156
2	91781595	51	49	0.983790295727467	0.102	G>A	2	2	0	-24.4510072394959
2	91785014	48	50	0.983790295727467	0.16	G>A	2	2	1	-33.5526591473262
2	133006605	42	59	1.35891164562557	0.119	C>G	2	3	1	-21.7095759210046
2	133008335	26	42	1.35891164562557	0.143	C>T	2	3	1	-19.4175504510379
2	133013683	41	43	1.35891164562557	0.116	G>A	2	3	1	-21.7095759210046
2	133015302	64	50	1.35891164562557	0.22	T>G	2	3	1	-13.1870628760304
2	133016748	57	47	1.35891164562557	0.17	G>C	2	3	1	-16.574406530983
2	133020164	40	40	1.35891164562557	0.175	G>T	2	3	1	-15.7695440691272
2	133074390	48	40	1.23381803786402	0.15	A>C	2	2	1	-35.5309320607416
2	135008757	39	40	3.41387778211676	0.15	A>G	2	7	1	-10.0443696174975
2	135581001	39	45	5.71860610603384	0.867	C>T	2	11	10	-10.385735208437
2	162136935	42	46	0.919401807489733	0.109	A>T	2	2	0	-27.0744854579127
4	41487	35	44	0.8799769257821	0.159	T>C	2	2	1	-33.807546174808
4	41770	42	48	0.8799769257821	0.208	T>C	2	2	1	-26.783062572585
4	42473	57	52	0.8799769257821	0.192	G>A	2	2	1	-29.3992476312014
4	42925	39	46	0.8799769257821	0.109	G>A	2	2	0	-27.1990997195804
4	46171	56	54	0.8799769257821	0.111	G>A	2	2	0	-27.1990997195804
4	49792	37	41	0.8799769257821	0.244	G>A	2	2	1	-23.2977450003889
4	50199	48	51	0.8799769257821	0.137	G>A	2	2	0	-35.2414913039841
4	61105	54	58	0.8799769257821	0.155	G>A	2	2	1	-33.807546174808
4	49094925	40	59	0.657695455686532	0.119	T>C	2	1	0	-30.1451198592297
4	49098873	42	47	0.657695455686532	0.106	C>G	2	1	0	-27.5537297290392
4	49221382	43	63	0.951216134235643	0.111	T>C	2	2	0	-26.9895386784183
4	49222046	59	40	0.951216134235643	0.2	G>A	2	2	1	-27.8509877186471
4	49640582	42	40	0.679521350696067	0.1	T>C	2	1	0	-25.0605242764365
4	49652315	45	40	0.679521350696067	0.1	G>A	2	1	0	-25.0605242764365
4	68264747	37	106	0.775819804482333	0.104	C>G	2	2	0	-25.3186817786108
4	190541148	45	40	0.80581764020725	0.15	C>T	2	2	1	-35.7861656509769
4	190643341	56	54	0.778081782702699	0.148	T>C	2	2	1	-36.0303782109653
4	190652293	48	53	0.778081782702699	0.151	G>T	2	2	1	-36.0303782109653
4	191027760	44	42	0.778081782702699	0.119	T>C	2	2	0	-30.4032773614039
4	191036385	50	58	0.778081782702699	0.103	G>A	2	2	0	-25.3186817786108
5	415680	70	60	0.839307719789288	0.117	A>G	2	2	0	-29.9548496536486
7	61752775	40	55	0.599620919495846	0.109	T>A	2	1	0	-27.0306503867946
7	61786156	37	40	0.599620919495846	0.175	A>G	2	1	0	-46.9110894376472
7	61846504	39	41	0.946480051820868	0.195	C>T	2	2	1	-27.8509877186471
7	61990657	41	40	0.946480051820868	0.1	G>A	2	2	0	-24.4963332258156
9	66455194	54	58	0.911953061535468	0.103	G>A	2	2	0	-24.58128000531
9	66455232	54	64	0.911953061535468	0.156	C>T	2	2	1	-33.6829319131402
9	66456341	72	44	0.911953061535468	0.136	G>C	2	2	0	-35.1168770423163
9	66456962	55	56	0.911953061535468	0.107	C>G	2	2	0	-27.0744854579127
9	66463561	38	49	0.911953061535468	0.102	G>C	2	2	0	-24.58128000531
9	66464199	48	51	0.911953061535468	0.137	C>A	2	2	0	-35.1168770423163
9	66472207	34	60	0.911953061535468	0.117	A>G	2	2	0	-29.6658755881031
9	68395128	53	46	0.911953061535468	0.109	A>C	2	2	0	-27.0744854579127
9	68395135	53	47	0.911953061535468	0.106	C>A	2	2	0	-27.0744854579127
9	68411337	66	57	0.911953061535468	0.123	G>A	2	2	0	-29.6658755881031
9	68412638	72	81	0.911953061535468	0.111	C>T	2	2	0	-27.0744854579127
9	68412951	59	59	0.911953061535468	0.169	C>T	2	2	1	-32.1453464680794
9	68998552	50	46	0.911953061535468	0.152	T>G	2	2	1	-35.2929764376645
9	68998555	50	46	0.911953061535468	0.152	C>G	2	2	1	-35.2929764376645
10	10308829	53	41	1.09014903314996	0.195	G>C	2	2	1	-27.8338410620473
10	42356837	41	43	0.673825293927098	0.163	T>G	2	1	0	-41.3700013843102
10	42361364	42	44	0.673825293927098	0.136	C>A	2	1	0	-35.5961213134428
10	42532284	33	68	0.969800867139508	0.132	A>T	2	2	0	-32.2636612017267
10	42535018	38	55	0.969800867139508	0.145	A>G	2	2	0	-35.031930262822
10	42640750	50	46	0.969800867139508	0.109	T>G	2	2	0	-26.9895386784183
10	42640762	50	49	0.969800867139508	0.122	G>A	2	2	0	-29.5809288086088
10	47005928	48	41	0.979800798114697	0.22	C>T	2	2	1	-25.3551141420404
10	47127798	47	41	0.979800798114697	0.22	A>G	2	2	1	-25.3551141420404
10	127585011	75	40	1.11714988355799	0.1	C>G	2	2	0	-24.5527541128365
11	66697612	46	45	3.06026766940771	0.778	C>G	2	6	5	-10.8249899630394
11	70265929	52	40	3.19125682316328	0.675	C>G	2	6	4	-10.3876170731967
12	34841847	41	45	1.04276570593073	0.111	T>A	2	2	0	-26.9384919603713
12	132061419	55	42	1.03731289007197	0.143	A>C	2	2	0	-34.9808835447749
14	104362998	52	40	1.15173468564992	0.15	C>T	2	2	1	-35.3777636310217
16	33866343	48	47	0.936331242244818	0.128	G>A	2	2	0	-32.348607981221
16	33983928	37	43	0.863018526636796	0.14	A>G	2	2	0	-35.4058511078618
16	33984720	39	43	0.863018526636796	0.14	G>A	2	2	0	-35.4058511078618
16	46402329	40	46	0.560001623671414	0.152	A>G	2	1	0	-37.8317648776021
17	25263676	48	68	1.04347992936081	0.118	G>A	2	2	0	-29.5298820905617
17	25267748	48	48	1.04347992936081	0.125	T>G	2	2	0	-29.5298820905617
17	25291032	47	42	1.40366538667583	0.143	C>G	2	3	1	-19.4175504510379
18	109523	52	49	1.03562354779408	0.102	G>T	2	2	0	-24.4452865077686
18	18515584	38	74	0.941713452022831	0.108	T>C	2	2	0	-27.0744854579127
18	18516545	37	82	0.941713452022831	0.11	A>C	2	2	0	-27.0744854579127
19	27737019	40	53	0.936497693485104	0.189	G>T	2	2	1	-29.2746333695336
19	27738540	39	120	0.936497693485104	0.267	T>A	2	2	1	-20.1737074497671
20	2217042	46	40	1.04071468808549	0.1	A>C	2	2	0	-24.4452865077686
20	26078162	56	49	0.95501924686965	0.122	C>T	2	2	0	-29.5809288086088
20	26078168	56	48	0.95501924686965	0.125	G>A	2	2	0	-29.5809288086088
20	29595709	52	46	0.789212217957253	0.109	C>T	2	2	0	-27.8118872312135
20	29652194	62	76	0.789212217957253	0.105	C>T	2	2	0	-25.3186817786108
21	9829658	51	40	0.938081043940726	0.1	C>G	2	2	0	-24.58128000531
21	9840392	30	50	0.449599631877149	0.14	G>C	2	1	0	-35.1874948784029
21	9850261	54	54	0.842120010508146	0.13	C>A	2	2	0	-32.6375820467666
21	10717073	37	60	0.842120010508146	0.133	A>C	2	2	0	-32.6375820467666
21	10717094	39	40	0.842120010508146	0.125	C>T	2	2	0	-29.9548496536486
21	10725448	35	51	0.842120010508146	0.137	C>G	2	2	0	-35.4058511078618
21	10725449	35	49	0.842120010508146	0.143	C>A	2	2	0	-35.4058511078618
21	10728556	40	41	0.842120010508146	0.146	A>C	2	2	1	-35.58195050321
21	10729220	38	47	0.842120010508146	0.191	A>G	2	2	1	-29.5636074350791
21	10730315	37	56	0.842120010508146	0.125	T>G	2	2	0	-29.9548496536486
21	10730316	37	54	0.842120010508146	0.13	C>T	2	2	0	-32.6375820467666
21	10731913	35	43	0.842120010508146	0.256	G>A	2	2	1	-21.4108917327862
21	10742007	61	50	0.842120010508146	0.14	G>A	2	2	0	-35.4058511078618
21	10744277	47	63	0.842120010508146	0.111	G>A	2	2	0	-27.3634595234582
21	10744912	30	40	0.842120010508146	0.1	T>C	2	2	0	-24.8702540708555
21	10749357	39	65	0.842120010508146	0.123	G>A	2	2	0	-29.9548496536486
21	10749366	39	69	0.842120010508146	0.101	T>C	2	2	0	-24.8702540708555
21	10751629	38	59	0.842120010508146	0.136	G>A	2	2	0	-35.4058511078618
21	10753662	32	45	0.842120010508146	0.156	A>T	2	2	1	-33.9719059786857
21	10753678	35	40	0.842120010508146	0.15	G>A	2	2	1	-35.58195050321
21	10753679	35	40	0.842120010508146	0.15	T>C	2	2	1	-35.58195050321
21	10757662	40	45	0.842120010508146	0.133	A>G	2	2	0	-32.6375820467666
21	10781197	49	44	0.842120010508146	0.136	G>A	2	2	0	-35.4058511078618
21	10781198	49	43	0.842120010508146	0.14	G>T	2	2	0	-35.4058511078618
21	10781202	49	40	0.842120010508146	0.175	T>A	2	2	1	-30.9658696934507
21	10781384	36	43	0.842120010508146	0.116	G>A	2	2	0	-29.9548496536486
21	10781930	46	49	0.842120010508146	0.102	T>G	2	2	0	-24.8702540708555
21	10789560	45	49	0.842120010508146	0.143	A>T	2	2	0	-35.4058511078618
21	10789580	45	45	0.842120010508146	0.133	G>A	2	2	0	-32.6375820467666
21	10811965	43	46	0.842120010508146	0.13	A>G	2	2	0	-32.6375820467666
21	10811966	43	46	0.842120010508146	0.13	A>T	2	2	0	-32.6375820467666
21	10842159	42	45	0.712501652076284	0.2	G>A	2	1	0	-54.3189010483943
21	11072433	49	54	0.867275442178879	0.204	A>G	2	2	1	-28.2249085636869
21	11090630	48	49	0.867275442178879	0.143	C>A	2	2	0	-35.4058511078618
21	11110869	40	43	0.867275442178879	0.116	C>A	2	2	0	-29.9548496536486
21	11139420	55	49	0.867275442178879	0.122	C>T	2	2	0	-29.9548496536486
21	11180820	40	67	0.867275442178879	0.194	T>A	2	2	1	-29.5636074350791
21	11185712	39	43	0.867275442178879	0.186	A>G	2	2	1	-29.5636074350791
21	14358492	40	52	0.982392837379719	0.154	C>G	2	2	1	-35.1627036718505
X	61691819	42	48	0.961277478998393	0.104	A>G	2	2	0	-24.4963332258156
