chromosome	position	GC.percent	good.reads	adjusted.ratio	F	mutation	CNn	CNt	Mt	LPP
1	2586058	65	47	0.860555342622489	0.106	G>A	2	6	1	-11.1381458255411
1	16937341	44	42	1.06466425019745	0.214	C>T	2	8	2	-10.6816014692006
1	144530553	42	46	1.12793657741471	0.109	A>G	2	8	1	-10.1139609609779
1	145021784	39	44	1.12793657741471	0.205	A>G	2	8	2	-10.8481549261617
1	145047712	42	46	1.12793657741471	0.217	C>T	2	8	2	-10.4866166523268
1	145060152	54	47	1.12793657741471	0.128	A>G	2	8	1	-10.1387462999599
2	91778554	62	48	0.848220854505939	0.25	G>A	2	6	2	-11.6672934523235
2	91782472	36	48	0.848220854505939	0.104	G>A	2	6	1	-11.5964309458906
2	91796215	33	46	0.848220854505939	0.13	C>T	2	6	1	-10.509287202945
2	162135186	52	43	0.982311599402135	0.116	C>T	2	7	1	-10.2387334142038
4	49109595	42	45	0.587354923697475	0.111	C>G	2	4	1	-15.4435588852246
4	49639177	43	42	0.587354923697475	0.119	C>A	2	4	1	-14.5947943904997
5	20826585	18	42	2.69356641572012	0.119	G>A	2	19	2	-10.0818582839638
6	57560709	20	41	0.880063152982874	0.22	A>G	2	6	1	-11.4546837080353
7	61745501	35	40	1.17705820472946	0.125	G>A	2	8	1	-10.0766629623379
7	61749277	38	47	1.17705820472946	0.106	G>A	2	8	1	-10.1099414243106
7	61754486	40	55	1.17705820472946	0.145	C>T	2	8	1	-10.2783272322247
7	61754586	37	42	1.17705820472946	0.167	G>T	2	8	1	-11.1757179219501
7	61754728	43	45	1.17705820472946	0.111	G>A	2	8	1	-10.1099414243106
7	61779710	45	61	1.17705820472946	0.115	T>C	2	8	1	-10.0766629623379
7	61825617	66	40	1.07083191480359	0.15	C>T	2	8	1	-10.5502660105894
8	43096876	21	44	0.784910184380145	0.136	C>G	2	5	1	-11.1820187905693
9	66471163	48	51	0.66511526029705	0.118	G>A	2	5	1	-12.0844439826695
9	68412991	64	40	0.730100648003522	0.1	G>A	2	5	1	-13.2406648043219
10	3453414	50	40	1.35205376767751	0.1	T>A	2	9	1	-10.0347169557832
10	42358507	45	47	0.829678411080734	0.128	A>C	2	6	1	-10.5502200679812
10	42383087	38	55	0.858605001815022	0.109	C>T	2	6	1	-11.1381458255411
10	42399025	36	55	0.858605001815022	0.182	C>T	2	6	1	-10.3581508657282
10	42528128	31	46	0.97662225773429	0.109	T>G	2	7	1	-10.4542924123641
13	63630469	19	48	0.69095628302966	0.208	G>A	2	5	1	-10.3976482288848
16	32817169	26	41	0.894778157663126	0.146	A>G	2	6	1	-10.2223203519721
16	32840739	18	52	0.894778157663126	0.115	G>T	2	6	1	-10.7769678616323
16	32844639	27	53	0.894778157663126	0.113	C>G	2	6	1	-11.1370683043941
16	32846550	20	47	0.894778157663126	0.106	G>C	2	6	1	-11.1370683043941
16	33866365	51	44	0.815199025638853	0.114	G>A	2	6	1	-11.1790786905773
16	46435194	39	45	0.754335180176464	0.156	C>G	2	5	1	-10.5677662579642
18	18514559	35	40	0.738454257601177	0.1	C>G	2	5	1	-13.2406648043219
18	18519264	37	66	0.738454257601177	0.106	T>C	2	5	1	-12.5676043823287
19	27830649	42	44	1.04190346279308	0.114	C>T	2	7	1	-10.4295734271798
19	27886879	38	41	1.04190346279308	0.122	A>T	2	7	1	-10.2461765489078
21	10721624	35	55	0.710353991082917	0.127	T>C	2	5	1	-11.5091951564452
21	10725470	35	44	0.710353991082917	0.114	T>C	2	5	1	-12.5676043823287
21	10755582	36	46	0.710353991082917	0.109	A>C	2	5	1	-12.5676043823287
21	11048145	30	45	0.710353991082917	0.111	G>T	2	5	1	-12.5676043823287
21	11088783	41	43	0.710353991082917	0.116	C>A	2	5	1	-11.9927286379232
