chromosome	position	GC.percent	good.reads	adjusted.ratio	F	mutation	CNn	CNt	Mt	LPP
1	145240137	29	40	1.14029650469479	0.175	G>A	2	6	1	-10.4762289853906
1	148848270	29	46	1.10381264666366	0.109	T>A	2	6	1	-10.8914600331215
1	149032831	35	44	1.10381264666366	0.136	T>A	2	6	1	-10.2292911813888
1	149034486	37	40	1.10381264666366	0.15	A>G	2	6	1	-10.1765937909933
1	149034529	36	45	1.10381264666366	0.111	C>A	2	6	1	-10.8914600331215
2	91791877	35	50	0.977801984218893	0.12	T>C	2	5	1	-11.6074164882004
4	67916	54	40	0.809365043245529	0.125	G>A	2	4	1	-13.8166219817331
4	49157442	42	40	0.739865409887463	0.1	C>G	2	4	1	-15.3537964217561
7	61739117	19	50	1.15335571865712	0.12	A>C	2	7	1	-10.2201423386134
7	61739448	26	53	1.15335571865712	0.113	T>A	2	7	1	-10.3614950221156
9	66455413	53	42	0.733081233782179	0.167	T>A	2	4	1	-11.1526862021118
9	68396821	32	40	0.733081233782179	0.1	C>T	2	4	1	-15.3652168841157
9	68400301	54	40	0.733081233782179	0.1	C>T	2	4	1	-15.3652168841157
10	42355043	38	48	0.776565059130011	0.125	T>C	2	4	1	-13.7474887502047
10	42362298	42	57	0.776565059130011	0.105	A>G	2	4	1	-15.382757220333
16	32553416	37	46	0.994692033617733	0.174	G>C	2	6	1	-10.3851411308528
16	33971339	35	53	0.800752672619548	0.113	A>T	2	4	1	-14.516030646475
16	33972875	35	46	0.800752672619548	0.109	T>G	2	4	1	-14.516030646475
17	25266560	53	64	0.799575498472015	0.125	G>A	2	4	1	-13.7474887502047
17	36368386	36	48	1.16075515429863	0.104	C>T	2	7	1	-10.6010323832054
17	36386161	61	47	1.16075515429863	0.106	T>G	2	7	1	-10.3614950221156
20	47132562	54	45	1.15735401677732	0.178	G>T	2	7	1	-11.1127343771201
21	10703478	37	40	0.67741789245192	0.1	T>A	2	4	1	-15.5102123402694
21	10704393	34	46	0.67741789245192	0.109	T>C	2	4	1	-14.6434857664113
21	10707406	28	52	0.67741789245192	0.115	T>C	2	4	1	-13.8749438701411
21	10772955	36	46	0.67741789245192	0.109	T>A	2	4	1	-14.6434857664113
21	10773525	38	41	0.67741789245192	0.146	C>T	2	4	1	-12.0949719999554
21	11056244	31	41	0.67741789245192	0.146	G>A	2	4	1	-12.0949719999554
21	11066841	35	41	0.67741789245192	0.146	G>T	2	4	1	-12.0949719999554
