chromosome	position	GC.percent	good.reads	adjusted.ratio	F	mutation	CNn	CNt	Mt	LPP
1	121354059	36	54	0.810913594325363	0.111	C>T	2	6	1	-11.201350452922
1	142535571	47	58	0.688322805859645	0.103	C>T	2	5	1	-13.3996700547153
1	142539425	50	60	0.688322805859645	0.117	G>A	2	5	1	-12.1185656322855
1	142539724	50	47	0.688322805859645	0.128	T>C	2	5	1	-11.618448022792
1	144986827	55	40	0.996854026077954	0.15	C>T	2	7	1	-10.2411703202004
2	91779825	35	41	0.840611711177031	0.146	A>G	2	6	1	-10.2627317935434
2	91819487	44	47	0.840611711177031	0.234	G>A	2	6	1	-11.810651593265
4	49094131	43	44	0.779728673716696	0.114	T>C	2	6	1	-11.2117894607184
4	49640112	43	41	0.779728673716696	0.122	G>A	2	6	1	-10.8383317401112
7	61055764	38	40	1.08857927641217	0.175	A>T	2	8	2	-11.5231398543672
7	61745052	36	49	1.08857927641217	0.102	T>C	2	8	1	-10.2622808466624
7	61749200	40	40	1.08857927641217	0.1	T>A	2	8	1	-10.2622808466624
7	61752881	30	40	1.08857927641217	0.25	G>C	2	8	2	-10.3594376110673
7	61754722	43	40	1.08857927641217	0.1	C>T	2	8	1	-10.2622808466624
7	61780097	35	40	1.08857927641217	0.1	T>C	2	8	1	-10.2622808466624
9	66458640	69	44	0.733674767807926	0.136	G>A	2	5	1	-11.2511286614249
9	68414158	68	51	0.733674767807926	0.137	G>T	2	5	1	-11.2511286614249
9	68414168	68	40	0.733674767807926	0.175	C>A	2	5	1	-10.3577761174282
9	68415651	30	60	0.733674767807926	0.117	T>C	2	5	1	-12.1658272124346
10	38817710	41	70	0.833408419607747	0.1	T>G	2	6	1	-11.6729928511169
10	42356327	42	45	0.858620213387387	0.111	G>A	2	6	1	-11.2309088573471
10	42363457	40	65	0.858620213387387	0.123	T>A	2	6	1	-10.8574511367399
10	42378078	36	48	0.858620213387387	0.104	T>C	2	6	1	-11.702551255542
10	42382895	37	42	0.858620213387387	0.119	T>A	2	6	1	-10.8574511367399
10	42390905	35	49	0.90481649853602	0.122	C>G	2	7	1	-10.2653468616821
17	21221453	59	40	2.37151465007944	0.175	C>T	2	17	3	-10.1661897230402
17	21226528	58	42	2.37151465007944	0.19	G>T	2	17	3	-10.2518451676187
17	21227816	40	47	2.37151465007944	0.234	T>C	2	17	4	-10.2531837355484
17	21227835	30	57	2.37151465007944	0.211	G>A	2	17	4	-10.3793646330608
17	21230404	60	40	2.37151465007944	0.125	C>G	2	17	2	-9.99824622253443
17	21230429	60	42	2.37151465007944	0.19	C>T	2	17	3	-10.2518451676187
17	21230544	55	42	2.37151465007944	0.119	C>T	2	17	2	-9.99824622253443
17	21230897	52	42	2.37151465007944	0.214	A>G	2	17	4	-10.3793646330608
17	21231964	33	45	2.37151465007944	0.244	G>A	2	17	4	-10.274151700221
17	21232055	37	43	2.37151465007944	0.256	C>A	2	17	4	-10.4763417216448
17	21232305	33	52	2.37151465007944	0.173	C>A	2	17	3	-10.1467228602643
17	21235515	38	44	2.37151465007944	0.318	T>C	2	17	5	-10.5332547875397
17	21237783	52	45	2.37151465007944	0.267	C>G	2	17	5	-10.4242290556701
17	21238637	33	53	2.37151465007944	0.245	G>A	2	17	4	-10.274151700221
17	21241847	68	43	2.37151465007944	0.116	T>C	2	17	2	-9.99824622253443
17	21249754	51	47	2.37151465007944	0.234	T>A	2	17	4	-10.2531837355484
17	21316686	61	44	2.34635403693782	0.205	T>G	2	17	3	-10.4010639991766
17	21317787	39	40	2.34635403693782	0.1	A>G	2	17	2	-10.060098227944
17	21318821	53	43	2.34635403693782	0.163	A>C	2	17	3	-10.1963906023751
17	21318912	60	48	2.34635403693782	0.271	C>A	2	17	5	-10.4242290556701
17	21329638	52	45	2.34635403693782	0.289	C>T	2	17	5	-10.3250086703126
17	21548622	35	42	1.44703644118611	0.19	C>A	2	11	2	-10.2839344513823
17	21550649	40	59	1.44703644118611	0.102	A>G	2	11	1	-10.0453119320582
17	25265248	49	44	0.809450347148279	0.136	G>A	2	6	1	-10.3491984849327
17	25265937	48	45	0.809450347148279	0.156	G>A	2	6	1	-10.1933828542047
17	25265949	48	42	0.809450347148279	0.167	T>A	2	6	1	-10.2260513987546
17	25267797	52	45	0.809450347148279	0.178	G>A	2	6	1	-10.3278545481911
20	29811953	37	45	0.844961175642509	0.133	A>T	2	6	1	-10.5753356790601
21	10700793	39	57	0.656851865078694	0.105	T>A	2	5	1	-13.3933131444616
21	10712212	29	40	0.656851865078694	0.15	A>C	2	5	1	-10.863482923394
21	10715992	39	65	0.656851865078694	0.108	T>A	2	5	1	-12.7036685944529
21	10715994	39	61	0.656851865078694	0.115	T>A	2	5	1	-12.1122087220319
21	10723398	37	45	0.656851865078694	0.133	A>T	2	5	1	-11.6120911125384
21	10749173	33	52	0.656851865078694	0.135	C>T	2	5	1	-11.1975101710222
