chromosome	position	GC.percent	good.reads	adjusted.ratio	F	mutation	CNn	CNt	Mt	LPP
1	17052116	43	41	1.02695941414265	0.146	C>G	2	4	1	-12.9881333049441
1	17052117	43	41	1.02695941414265	0.146	G>C	2	4	1	-12.9881333049441
1	17054988	37	44	1.02695941414265	0.205	C>T	2	4	1	-10.9610576310709
1	142654003	43	42	0.597801430150684	0.119	G>C	2	2	0	-29.9304543991603
1	145003403	43	44	1.01443397708503	0.114	G>C	2	4	1	-15.8986928939654
1	145012405	31	42	1.01443397708503	0.119	C>T	2	4	1	-15.0209744368775
1	145033902	34	40	1.01443397708503	0.175	C>T	2	4	1	-11.4953718338695
1	145075439	64	41	1.01443397708503	0.195	G>A	2	4	1	-10.8863972103657
1	145079845	44	51	1.01443397708503	0.118	C>T	2	4	1	-15.0209744368775
1	145103274	28	47	1.01443397708503	0.106	C>A	2	4	1	-15.8986928939654
1	145109430	35	48	1.01443397708503	0.167	A>T	2	4	1	-11.8978294209137
1	149035400	41	69	0.962037653362114	0.116	C>T	2	4	1	-14.9859192707647
1	234919118	54	48	1.18792597441124	0.104	C>T	2	5	1	-13.4581210003647
2	3184580	60	52	1.32322260876503	0.115	C>T	2	6	1	-10.8881811726718
2	91794549	41	45	0.875074891567666	0.111	C>A	2	4	1	-15.9124364641495
2	91909758	30	57	0.875074891567666	0.105	T>C	2	4	1	-16.8883395988252
2	92305312	34	43	1.05479741299582	0.163	A>T	2	4	1	-12.4440820335498
2	92307903	43	41	1.05479741299582	0.366	T>C	2	4	2	-13.48664305642
2	92317409	40	58	1.05479741299582	0.103	G>A	2	4	1	-16.9492564493463
2	133009334	35	57	0.838941890505765	0.105	G>C	2	4	1	-16.9723182502703
4	55697	31	40	0.523109968403015	0.15	C>G	2	2	1	-34.4814680094948
4	65853	32	41	0.523109968403015	0.122	A>G	2	2	0	-29.5201877818978
4	49109824	42	45	0.591994905238909	0.111	T>C	2	2	0	-27.3390642689698
5	1333778	51	40	1.29025663190202	0.1	A>C	2	5	1	-13.5271104447656
6	17669301	31	40	2.29058810056819	0.1	A>T	2	10	1	-9.90880373785895
7	61081262	36	42	1.01215510213442	0.19	T>C	2	4	1	-11.1591028286279
7	61752881	31	41	0.850586331693235	0.171	G>C	2	4	1	-11.9955516425429
7	61752935	37	44	0.850586331693235	0.114	A>G	2	4	1	-15.9964151155947
7	61785900	40	43	0.850586331693235	0.116	A>G	2	4	1	-15.1186966585067
7	61786156	37	49	0.850586331693235	0.102	A>G	2	4	1	-16.9723182502703
7	61787436	31	49	0.850586331693235	0.102	T>C	2	4	1	-16.9723182502703
7	61824220	43	50	0.970787950978712	0.2	G>T	2	4	1	-10.8513420442528
7	61824224	43	47	0.970787950978712	0.191	G>T	2	4	1	-11.1240476625151
7	61970814	40	40	1.02984213679043	0.1	T>C	2	4	1	-16.9492564493463
7	152108272	34	46	0.771532569424091	0.109	A>G	2	3	1	-22.7651771641028
7	152108431	49	44	0.771532569424091	0.205	G>A	2	3	1	-14.2245026905189
8	37840027	40	43	2.56213052286209	0.442	T>G	2	11	5	-10.4108906109461
8	43822432	35	40	0.817057860767409	0.1	A>G	2	3	1	-24.2501933644652
8	46841547	36	42	1.66379970400796	0.119	C>A	2	7	1	-10.2378302739296
8	46843878	34	98	1.66379970400796	0.204	A>G	2	7	1	-11.5395852754511
9	68416747	47	46	0.525308338973424	0.152	C>T	2	2	1	-34.4814680094948
9	68416750	59	43	0.525308338973424	0.14	G>C	2	2	0	-34.971189236111
9	68418582	59	41	0.525308338973424	0.171	G>A	2	2	1	-31.3738874358042
9	68422391	31	43	0.525308338973424	0.163	G>A	2	2	1	-32.8914481829178
9	68425576	37	70	0.525308338973424	0.129	T>A	2	2	0	-32.2029201750157
10	38873773	40	44	0.660808908313433	0.114	G>A	2	3	1	-22.7008812985103
10	39138340	44	46	0.660808908313433	0.152	C>G	2	3	1	-18.1474929376797
10	42358893	42	43	0.567018952017358	0.116	A>G	2	2	0	-29.7506173032242
10	42359181	40	64	0.567018952017358	0.109	C>A	2	2	0	-27.1592271730338
10	42377901	40	40	0.751928524065868	0.1	C>A	2	3	1	-24.0562238415954
10	42385899	33	42	0.680016525601827	0.262	A>T	2	3	1	-11.3898969861493
10	42393815	35	93	0.680016525601827	0.172	A>T	2	3	1	-16.3477652988025
10	42399883	41	60	0.910134339475849	0.217	C>G	2	4	1	-10.4920206009679
10	127582432	26	41	0.499745782913671	0.122	C>T	2	2	0	-29.4707176100212
11	51576658	38	41	1.15669560296491	0.122	C>A	2	5	1	-12.1663041795339
12	38006723	28	40	0.951014926288789	0.1	A>C	2	4	1	-16.8395408625282
16	32844836	22	43	0.62830903312357	0.14	T>C	2	3	1	-19.2460550889347
16	33972640	35	42	0.670392441597128	0.119	A>G	2	3	1	-21.4311207536464
16	33976296	35	41	0.670392441597128	0.122	T>C	2	3	1	-21.4311207536464
16	33981910	44	43	0.670392441597128	0.116	G>T	2	3	1	-21.4311207536464
16	33984646	28	47	0.670392441597128	0.106	C>T	2	3	1	-22.7008812985103
16	35250297	34	48	0.719188017965047	0.125	C>T	2	3	1	-21.3820007902571
16	46425120	32	49	1.03379952026847	0.163	C>T	2	4	1	-12.4440820335498
16	46435270	40	44	1.03379952026847	0.114	G>T	2	4	1	-15.9733533146707
16	62017413	26	40	2.49644091163769	0.875	G>A	2	10	9	-10.0789652837182
17	21548564	42	48	0.696800039229379	0.125	C>T	2	3	1	-21.386108437004
17	22251639	44	40	0.875268200047902	0.1	C>T	2	4	1	-16.8883395988252
18	15409921	35	48	0.907923005826492	0.188	C>A	2	4	1	-11.1286132895768
18	18517743	34	60	0.919867672366753	0.133	T>C	2	4	1	-14.204108703666
18	18518012	36	45	0.919867672366753	0.489	A>G	2	4	2	-10.50676470768
18	18518022	36	57	0.919867672366753	0.316	T>G	2	4	1	-11.8737033543874
19	27737176	35	40	1.01115676460505	0.1	C>T	2	4	1	-16.8745960286411
19	27737440	34	45	1.01115676460505	0.111	T>C	2	4	1	-15.8986928939654
19	27840774	36	57	1.41026572455555	0.105	G>A	2	6	1	-11.693438882595
19	27842372	33	40	1.41026572455555	0.15	T>G	2	6	1	-10.2320954958383
19	27844991	33	48	1.41026572455555	0.125	T>A	2	6	1	-10.8397291938896
19	27847929	37	41	1.41026572455555	0.195	C>T	2	6	1	-10.7047995796105
19	27848205	34	43	1.41026572455555	0.14	A>G	2	6	1	-10.3524253766042
19	27857962	37	43	1.41026572455555	0.14	A>T	2	6	1	-10.3524253766042
19	27860019	39	43	1.41026572455555	0.116	G>A	2	6	1	-10.8397291938896
19	27869897	33	50	1.42129265977041	0.1	A>G	2	6	1	-11.693438882595
20	29583445	39	43	0.917126842849386	0.116	T>C	2	4	1	-14.9904848978264
20	29604415	31	48	0.917126842849386	0.125	A>G	2	4	1	-14.9904848978264
20	29628724	43	41	0.917126842849386	0.146	G>A	2	4	1	-12.8829833451878
20	29636130	32	40	0.917126842849386	0.125	T>G	2	4	1	-14.9904848978264
21	10700333	32	108	0.575567022620385	0.102	G>T	2	2	0	-24.8458588163671
21	10703154	34	40	0.575567022620385	0.1	G>T	2	2	0	-24.8458588163671
21	10706602	36	49	0.575567022620385	0.102	C>G	2	2	0	-24.8458588163671
21	10711992	37	55	0.575567022620385	0.127	C>G	2	2	0	-32.6131867922782
21	10716936	36	58	0.575567022620385	0.138	T>C	2	2	0	-35.3814558533735
21	10717062	40	43	0.575567022620385	0.116	A>G	2	2	0	-29.9304543991603
21	10750222	39	40	0.575567022620385	0.2	A>G	2	2	1	-27.6348161769706
21	10760573	38	45	0.575567022620385	0.133	A>C	2	2	0	-32.6131867922782
21	10765486	39	49	0.575567022620385	0.102	A>G	2	2	0	-24.8458588163671
21	11056387	36	50	0.575567022620385	0.1	T>C	2	2	0	-24.8458588163671
21	11056645	28	52	0.575567022620385	0.154	C>A	2	2	1	-34.8917346267572
21	11065324	45	40	0.575567022620385	0.175	T>G	2	2	1	-30.3357279108397
21	11065879	32	42	0.575567022620385	0.119	G>T	2	2	0	-29.9304543991603
21	11065880	32	40	0.575567022620385	0.125	G>T	2	2	0	-29.9304543991603
21	11069032	27	42	0.575567022620385	0.119	A>G	2	2	0	-29.9304543991603
21	11082093	37	40	0.575567022620385	0.125	A>T	2	2	0	-29.9304543991603
21	11085017	49	47	0.575567022620385	0.128	G>A	2	2	0	-32.6131867922782
21	11085225	44	40	0.575567022620385	0.15	C>G	2	2	1	-34.8917346267572
21	11095852	34	59	0.575567022620385	0.102	C>A	2	2	0	-24.8458588163671
21	14366965	34	42	0.803842916599259	0.119	C>G	2	3	1	-21.6124875971495
X	61732962	40	50	1.31850338113067	0.14	A>T	2	6	1	-10.4008773553865
