chromosome	position	GC.percent	good.reads	adjusted.ratio	F	mutation	CNn	CNt	Mt	LPP
1	2585425	63	40	1.3759863065053	0.175	G>A	2	8	2	-11.3983500777854
1	149224986	41	52	1.64857293425523	0.135	A>C	2	9	1	-10.5952826963244
1	202174570	49	86	1.71976137665428	0.116	T>C	2	9	1	-10.1285703920524
2	91770326	38	43	1.40127479539359	0.256	C>T	2	8	2	-10.4751059909789
2	91801297	43	43	1.26847394883626	0.163	G>A	2	7	1	-10.3810837501065
2	91801756	54	49	1.26847394883626	0.122	C>T	2	7	1	-10.2081539274906
2	92309532	40	46	0.760201907333784	0.174	T>G	2	4	1	-11.4873857851566
2	133009346	35	43	1.28605268607622	0.116	C>A	2	7	1	-10.2081539274906
5	3276260	63	46	1.22138747437646	0.109	A>G	2	7	1	-10.4091104372986
8	86572819	47	44	1.08970197262349	0.114	G>C	2	6	1	-11.0672035773306
9	66482134	31	42	0.757482018749378	0.167	T>G	2	4	1	-11.4873857851566
9	68412507	47	40	0.757482018749378	0.1	G>T	2	4	1	-16.1016990042155
9	68412605	64	40	0.757482018749378	0.15	G>C	2	4	1	-12.3994711374337
9	68413949	65	63	0.757482018749378	0.111	C>T	2	4	1	-15.1775749250639
9	68418366	27	50	0.757482018749378	0.1	A>G	2	4	1	-16.1016990042155
9	68423959	50	40	0.757482018749378	0.1	G>A	2	4	1	-16.1016990042155
11	1016842	54	60	1.28450546661104	0.1	T>G	2	7	1	-10.6495341959298
11	48868040	42	49	0.779385482639685	0.163	G>A	2	4	1	-11.9346454934762
17	21904193	69	40	1.08753927949341	0.125	C>G	2	6	1	-10.7211667453232
20	62720178	63	70	2.18259989489779	0.129	T>C	2	12	2	-10.4686698296152
X	3557393	60	45	1.10700288415404	0.111	T>G	2	6	1	-11.0667285871729
X	3557473	63	48	1.10700288415404	0.188	T>G	2	6	1	-10.5805915224797
