chromosome	position	GC.percent	good.reads	adjusted.ratio	F	mutation	CNn	CNt	Mt	LPP
1	5735431	19	40	0.562588017923606	0.125	A>T	2	1	0	-29.4923258170696
1	143544255	31	53	1.07264622941491	0.245	A>T	2	2	1	-19.1225734145676
1	145012981	32	40	0.937792629142074	0.2	T>A	2	2	1	-23.0918933160702
1	145019947	40	41	0.937792629142074	0.122	G>A	2	2	0	-29.5759417707651
2	91765244	28	47	0.880163360092908	0.128	G>A	2	2	0	-32.3405381491385
2	91785597	28	41	0.880163360092908	0.22	A>G	2	2	1	-21.0401718189003
2	91798306	38	58	0.880163360092908	0.103	A>G	2	2	0	-24.5732101732274
2	92309550	40	47	0.814480878426969	0.106	G>C	2	2	0	-27.3494900246501
2	92321431	38	41	0.814480878426969	0.122	T>C	2	2	0	-29.9408801548406
4	28943	46	50	0.929596145125594	0.2	G>A	2	2	1	-23.0918933160702
4	52687	21	53	0.929596145125594	0.113	T>C	2	2	0	-26.9845516405747
4	3816748	45	44	0.924604039011431	0.136	C>T	2	2	1	-31.0483500584745
4	49274966	31	49	0.93024244716152	0.143	T>C	2	2	1	-31.0483500584745
4	49644071	42	44	0.93024244716152	0.114	T>C	2	2	0	-26.9845516405747
4	49657752	40	51	0.93024244716152	0.118	C>T	2	2	0	-29.5759417707651
4	190841082	30	42	0.786253501142996	0.143	A>G	2	2	1	-31.614750726126
4	190844425	29	42	0.786253501142996	0.19	T>C	2	2	1	-24.8158488080233
5	49506668	37	42	0.876709699182279	0.119	A>C	2	2	0	-29.6578057560206
5	49535098	40	71	0.876709699182279	0.113	G>A	2	2	0	-27.0664156258301
6	57537857	34	43	1.30016569236644	0.233	T>C	2	3	1	-11.7907415599752
7	61739150	22	43	0.900381421783682	0.14	T>A	2	2	1	-31.13021404373
7	61798308	32	48	0.900381421783682	0.146	C>G	2	2	1	-29.6250790053956
7	151988933	27	62	0.917474687100723	0.113	A>C	2	2	0	-26.9845516405747
8	43094996	21	83	1.59684373430499	0.12	T>C	2	3	1	-19.7919598646442
9	66457259	61	57	0.925835265847471	0.14	G>T	2	2	1	-31.0483500584745
9	66477394	23	40	1.65782262562662	0.15	T>A	2	4	1	-12.493884885932
9	66477395	23	41	1.65782262562662	0.146	G>A	2	4	1	-12.493884885932
9	66481976	29	49	0.944416579168624	0.184	T>C	2	2	1	-25.4283698485707
9	66481978	29	47	0.944416579168624	0.191	T>A	2	2	1	-24.2072516372898
9	68371453	17	42	0.944416579168624	0.214	C>A	2	2	1	-21.9533546728547
9	68418601	52	57	0.944416579168624	0.105	C>A	2	2	0	-24.44914968489
9	140222283	30	47	0.889789299968628	0.128	T>C	2	2	0	-32.3405381491385
10	42365563	42	45	0.865105567006675	0.111	C>T	2	2	0	-27.1880251532955
10	42376183	43	41	0.865105567006675	0.122	G>A	2	2	0	-29.779415283486
10	42380760	42	44	0.865105567006675	0.182	A>T	2	2	1	-25.6740398643736
10	42381430	41	47	0.865105567006675	0.106	A>T	2	2	0	-27.1880251532955
10	42659105	33	43	0.935100837761877	0.163	A>G	2	2	1	-28.1143145427065
10	42660763	33	41	0.935100837761877	0.146	C>T	2	2	1	-29.5432150201401
10	127582432	26	80	0.994804225860312	0.1	C>T	2	2	0	-24.4465739749826
10	127582566	34	50	0.994804225860312	0.12	T>A	2	2	0	-29.5311695577757
11	50725213	37	46	0.928691114493917	0.109	G>A	2	2	0	-26.9845516405747
12	38016465	40	43	1.18011695753065	0.116	A>T	2	2	0	-29.9172306225963
13	63633309	24	44	1.23219729240215	0.136	C>G	2	3	1	-17.8597514389891
15	22488118	39	40	0.955882901956046	0.125	C>T	2	2	0	-29.5337452676831
16	33531048	41	47	0.921749464476485	0.106	A>G	2	2	0	-26.9845516405747
16	33977207	35	45	0.921749464476485	0.111	A>G	2	2	0	-26.9845516405747
16	33978442	35	47	0.921749464476485	0.106	C>T	2	2	0	-26.9845516405747
16	33981811	39	44	0.921749464476485	0.114	T>C	2	2	0	-26.9845516405747
20	26213213	26	43	1.18254007148218	0.116	T>C	2	2	0	-29.9172306225963
20	29589986	34	43	0.921848918629677	0.116	C>A	2	2	0	-29.5759417707651
20	29604757	21	52	0.921848918629677	0.115	C>A	2	2	0	-29.5759417707651
20	29605022	35	50	0.921848918629677	0.14	G>A	2	2	1	-31.0483500584745
21	9838393	45	44	0.99590427880726	0.114	G>C	2	2	0	-26.9397794275853
21	9838394	45	42	0.99590427880726	0.119	G>A	2	2	0	-29.5311695577757
21	9842642	25	62	0.99590427880726	0.113	C>T	2	2	0	-26.9397794275853
21	9844601	40	43	0.99590427880726	0.209	C>T	2	2	1	-21.9507789629473
21	10085331	47	50	0.99590427880726	0.1	C>G	2	2	0	-24.4465739749826
21	10724379	34	73	0.843166156540441	0.11	C>G	2	2	0	-27.1880251532955
21	11041976	24	49	1.00413543545961	0.122	A>G	2	2	0	-29.5311695577757
21	11046101	28	44	1.00413543545961	0.273	A>G	2	2	1	-16.5529023843409
21	11054025	32	46	1.00413543545961	0.13	T>C	2	2	0	-32.2139019508936
21	11058610	27	44	1.00413543545961	0.182	T>G	2	2	1	-25.4257941386633
21	11065804	23	46	1.00413543545961	0.109	T>C	2	2	0	-26.9397794275853
21	11088466	25	59	1.00413543545961	0.102	G>T	2	2	0	-24.4465739749826
21	11121025	38	45	1.00413543545961	0.111	T>G	2	2	0	-26.9397794275853
21	11152808	40	43	1.00413543545961	0.116	C>A	2	2	0	-29.5311695577757
21	14367151	38	45	0.890410243654463	0.111	A>G	2	2	0	-27.0664156258301
21	14367152	38	46	0.890410243654463	0.109	C>T	2	2	0	-27.0664156258301
X	61720627	41	41	0.823328486810394	0.146	C>T	2	2	1	-29.9081534042156
