chromosome	position	GC.percent	good.reads	adjusted.ratio	F	mutation	CNn	CNt	Mt	LPP
1	16937004	24	41	0.931510787790379	0.171	T>C	2	2	1	-32.0061373201022
1	16958694	66	43	0.931510787790379	0.256	G>A	2	2	1	-20.9827085192635
1	17014694	26	40	0.931510787790379	0.1	A>G	2	2	0	-24.4420708573329
1	17023143	67	45	0.931510787790379	0.311	C>T	2	2	1	-16.7309545877488
1	17023905	64	47	0.931510787790379	0.213	A>G	2	2	1	-26.5192391629401
1	17024288	53	54	0.931510787790379	0.222	C>G	2	2	1	-25.3008517735577
1	17027918	73	55	0.931510787790379	0.145	A>G	2	2	0	-34.9776678943392
1	121138291	68	40	0.788329321836171	0.1	C>T	2	2	0	-24.7557237180375
1	144530912	39	40	0.884001068963133	0.1	T>C	2	2	0	-24.4607478908516
1	145006949	32	42	0.884001068963133	0.143	C>T	2	2	0	-34.9963449278579
1	145077075	50	59	1.00409726685956	0.119	G>A	2	2	0	-29.60826813061
1	145077084	50	56	1.00409726685956	0.107	C>T	2	2	0	-27.0168780004196
1	148556726	57	42	1.25025044599087	0.143	G>T	2	3	1	-19.3734709160745
1	148848456	30	45	1.25025044599087	0.178	T>A	2	3	1	-15.7254645341638
1	148850658	29	49	1.25025044599087	0.143	T>A	2	3	1	-19.3734709160745
1	148850664	29	48	1.25025044599087	0.125	C>G	2	3	1	-21.6654963860412
1	148851212	46	49	1.25025044599087	0.143	G>C	2	3	1	-19.3734709160745
1	148853856	71	43	1.25025044599087	0.116	C>A	2	3	1	-21.6654963860412
1	148854417	56	43	1.25025044599087	0.186	G>A	2	3	1	-14.9867906541106
1	148902392	73	65	1.25025044599087	0.123	G>A	2	3	1	-21.6654963860412
2	87643586	60	49	1.43874727506869	0.122	C>G	2	3	1	-21.6184660310453
2	87643605	68	81	1.43874727506869	0.111	G>A	2	3	1	-22.8985893629448
2	87644422	64	67	1.43874727506869	0.104	C>T	2	3	1	-24.276897372432
2	87645961	70	54	1.43874727506869	0.148	C>G	2	3	1	-18.303749853972
2	89868478	41	49	0.657875899196691	0.102	C>G	2	2	0	-25.7128130914447
2	89869780	40	57	0.657875899196691	0.105	A>T	2	2	0	-25.7128130914447
2	89877107	39	40	0.657875899196691	0.1	C>A	2	2	0	-25.7128130914447
2	90414247	64	47	1.57168574981847	0.106	C>A	2	3	1	-23.0713544622636
2	90480366	40	129	1.57168574981847	0.101	C>T	2	3	1	-24.4496624717509
2	91670704	72	58	1.57168574981847	0.241	C>T	2	3	1	-12.328964659213
2	91762100	64	66	1.3316697998802	0.182	G>A	2	3	1	-15.6693252649509
2	91773268	44	77	1.3316697998802	0.182	G>A	2	3	1	-15.6693252649509
2	91777739	75	99	1.3316697998802	0.131	T>A	2	3	1	-20.4205760478564
2	91790001	50	42	0.92250080462358	0.119	T>G	2	2	0	-29.526666440126
2	91797461	47	52	0.92250080462358	0.135	G>A	2	2	0	-34.9776678943392
2	92305836	42	93	0.989507340621791	0.14	T>A	2	2	0	-35.0592695848232
2	92305883	42	66	0.989507340621791	0.333	C>A	2	2	1	-15.4412215521782
2	92305896	42	64	0.989507340621791	0.234	A>T	2	2	1	-24.2212568630075
2	92305904	42	67	0.989507340621791	0.224	T>C	2	2	1	-25.3824534640417
2	92306044	37	147	0.989507340621791	0.442	C>G	2	2	1	-10.9800868161509
2	92317433	41	50	0.989507340621791	0.16	G>C	2	2	1	-33.6253244556471
2	92322364	39	48	0.989507340621791	0.167	G>C	2	2	1	-32.0877390105863
2	132768978	25	47	1.27514573253956	0.106	A>G	2	3	1	-22.9456197179407
2	132768981	25	46	1.27514573253956	0.109	T>C	2	3	1	-22.9456197179407
2	133007486	34	49	0.652559264825045	0.143	T>A	2	1	0	-35.9750182004267
2	133012147	46	44	1.42142971475821	0.227	A>G	2	3	1	-12.5983447633553
2	133015325	68	71	1.42142971475821	0.127	G>A	2	3	1	-20.4296849620733
2	133015801	68	57	1.42142971475821	0.316	G>A	2	3	1	-10.4535869913749
2	133015821	68	76	1.42142971475821	0.237	G>T	2	3	1	-12.1561995598942
2	133020407	36	44	1.42142971475821	0.159	C>T	2	3	1	-17.3572937077661
2	133020418	36	40	1.42142971475821	0.125	C>A	2	3	1	-21.6184660310453
2	133107806	34	45	1.5957419979287	0.333	T>C	2	3	1	-10.6269583350288
2	162136056	39	65	0.498822741714344	0.108	T>A	2	1	0	-26.8892067144069
3	75983720	30	40	0.676961756752899	0.15	C>T	2	2	1	-36.4245095237992
3	90495286	38	47	0.579545179329459	0.106	G>T	2	1	0	-27.4137434267158
3	90495287	38	48	0.579545179329459	0.125	G>A	2	1	0	-30.0051335569062
4	48073	46	46	0.611341323070701	0.109	C>T	2	1	0	-27.6521971074945
4	49109612	42	48	0.594282702494529	0.146	A>G	2	1	0	-38.3049577661027
4	49109813	43	46	0.594282702494529	0.109	T>C	2	1	0	-27.4137434267158
4	190567710	57	61	1.26025946614166	0.115	G>A	2	3	1	-21.6654963860412
4	190599601	36	45	0.860260557547726	0.333	T>G	2	2	1	-15.4367194709416
4	190618974	46	48	0.860260557547726	0.104	A>G	2	2	0	-24.5191704665803
4	190646426	39	46	0.646170945698166	0.109	A>C	2	1	0	-27.932626616023
4	190647422	24	48	0.646170945698166	0.313	T>C	2	1	0	-92.9626577000048
4	190664886	26	64	1.09250303592432	0.125	G>A	2	2	0	-29.8483219166281
6	57440869	21	43	0.815855395630162	0.163	A>C	2	2	1	-33.7191002940284
7	61815924	37	58	1.30243061778553	0.121	C>T	2	3	1	-21.6093571168284
7	61818871	39	81	1.30243061778553	0.123	G>A	2	3	1	-21.6093571168284
7	61819467	27	53	1.30243061778553	0.113	T>A	2	3	1	-22.8894804487279
7	61821982	73	66	1.30243061778553	0.136	G>A	2	3	1	-19.3173316468617
7	61822291	68	69	1.30243061778553	0.101	G>T	2	3	1	-24.2677884582151
7	61822312	70	68	1.30243061778553	0.118	C>A	2	3	1	-21.6093571168284
7	61826321	40	41	1.30243061778553	0.171	T>A	2	3	1	-16.4741877268067
7	152112928	54	40	0.807389198810353	0.1	G>A	2	2	0	-24.6174483861981
9	66454765	52	58	0.809561308829043	0.103	C>T	2	2	0	-24.6174483861981
9	66454891	57	43	0.809561308829043	0.14	G>C	2	2	0	-35.1530454232045
9	66455163	53	40	0.809561308829043	0.1	A>G	2	2	0	-24.6174483861981
9	66455353	48	42	0.809561308829043	0.119	A>G	2	2	0	-29.7020439689913
9	66456379	66	50	0.809561308829043	0.1	A>G	2	2	0	-24.6174483861981
9	66456682	45	40	0.809561308829043	0.1	T>A	2	2	0	-24.6174483861981
9	66457106	55	61	0.809561308829043	0.131	C>T	2	2	0	-32.3847763621092
9	66459074	41	53	0.809561308829043	0.132	C>T	2	2	0	-32.3847763621092
9	66471263	48	42	0.809561308829043	0.214	T>C	2	2	1	-26.6946166918054
9	66471264	48	41	0.809561308829043	0.244	G>T	2	2	1	-23.2092991196093
9	66485793	61	57	0.809561308829043	0.123	T>A	2	2	0	-29.7020439689913
9	66486444	48	43	0.837	0.116	C>T	2	2	0	-29.6037660493734
9	68408876	74	45	0.9871576015264	0.111	G>A	2	2	0	-27.0168780004196
9	68410600	62	48	0.9871576015264	0.146	A>G	2	2	1	-35.2353689801714
9	68412438	56	44	0.9871576015264	0.159	A>G	2	2	1	-33.6253244556471
9	68412463	47	58	0.9871576015264	0.121	C>G	2	2	0	-29.60826813061
9	68413103	57	57	0.9871576015264	0.105	C>T	2	2	0	-24.5236725478169
9	68416094	29	87	0.9871576015264	0.115	T>C	2	2	0	-29.60826813061
9	68419323	42	53	0.689862940397847	0.113	A>C	2	2	0	-27.9056599176551
10	39079490	44	40	0.78036639535275	0.1	C>T	2	2	0	-24.7557237180375
10	42359097	36	40	0.844342369357556	0.125	C>T	2	2	0	-29.6037660493734
10	42359396	37	40	0.844342369357556	0.1	T>C	2	2	0	-24.5191704665803
10	42360364	34	77	0.844342369357556	0.117	C>T	2	2	0	-29.6037660493734
10	42361081	40	58	0.844342369357556	0.172	G>C	2	2	1	-32.0832369293497
10	42361908	40	50	0.844342369357556	0.1	C>T	2	2	0	-24.5191704665803
10	42362288	39	44	0.844342369357556	0.114	A>T	2	2	0	-27.012375919183
10	42363001	40	42	0.844342369357556	0.143	C>T	2	2	0	-35.0547675035866
10	42363550	40	44	0.844342369357556	0.114	C>T	2	2	0	-27.012375919183
10	42365509	42	55	0.844342369357556	0.109	G>C	2	2	0	-27.012375919183
10	42369350	41	50	0.844342369357556	0.1	A>C	2	2	0	-24.5191704665803
10	42376070	40	43	0.844342369357556	0.116	C>T	2	2	0	-29.6037660493734
10	42377702	43	53	0.844342369357556	0.113	A>T	2	2	0	-27.012375919183
10	42378465	36	50	0.844342369357556	0.14	C>A	2	2	0	-35.0547675035866
10	42381999	35	41	0.958351814346409	0.146	C>T	2	2	1	-35.1747577383421
10	42382444	42	49	0.958351814346409	0.102	A>T	2	2	0	-24.4630613059876
10	42394439	40	71	0.958351814346409	0.141	T>C	2	2	0	-34.9986583429939
10	42398266	37	87	0.822993830028475	0.115	T>A	2	2	0	-29.7020439689913
10	42399320	37	89	0.822993830028475	0.281	T>G	2	2	1	-19.3116389094083
10	42399331	36	76	0.822993830028475	0.158	T>G	2	2	1	-33.7191002940284
10	42399364	36	70	0.822993830028475	0.114	C>A	2	2	0	-27.1106538388008
10	42399374	36	54	0.822993830028475	0.167	A>T	2	2	1	-32.1815148489675
10	42640744	51	47	0.936053425528212	0.17	A>G	2	2	1	-32.0061373201022
10	42641615	33	44	0.936053425528212	0.114	C>A	2	2	0	-26.9352763099355
10	42651031	32	50	0.936053425528212	0.1	C>T	2	2	0	-24.4420708573329
10	127585053	68	41	1.17765643960657	0.171	C>T	2	3	1	-16.7629478125697
10	127585208	72	74	1.17765643960657	0.108	G>A	2	3	1	-23.1782405344908
10	127585237	72	58	1.17765643960657	0.121	C>T	2	3	1	-21.8981172025913
11	48894781	37	40	0.545037255445289	0.15	A>C	2	1	0	-37.9557867733699
14	90911928	44	54	1.37491552668159	0.167	C>T	2	3	1	-16.4584297185304
14	90911933	44	60	1.37491552668159	0.15	C>A	2	3	1	-18.2788829314788
15	20107063	46	54	0.735470177665793	0.204	T>C	2	2	1	-28.507655001387
16	542425	82	64	1.19223618688542	0.156	C>T	2	3	1	-17.6369448793121
16	21570948	29	40	1.4863113987734	0.1	G>C	2	3	1	-24.3426689648207
16	32817217	28	49	1.31750041847118	0.102	C>A	2	3	1	-24.2677884582151
16	32817240	28	48	1.31750041847118	0.167	T>A	2	3	1	-16.4741877268067
16	32818794	29	41	1.31750041847118	0.122	T>G	2	3	1	-21.6093571168284
16	32828476	37	47	1.31750041847118	0.17	C>T	2	3	1	-16.4741877268067
16	33294164	70	91	1.31750041847118	0.121	C>G	2	3	1	-21.6093571168284
16	33940786	31	63	1.06388521637447	0.159	A>G	2	2	1	-33.8653782416651
16	33941439	31	81	1.06388521637447	0.185	A>G	2	2	1	-30.8593419564301
16	33944494	41	49	1.06388521637447	0.204	C>G	2	2	1	-28.1183808266664
16	33944698	37	70	1.06388521637447	0.114	T>C	2	2	0	-27.2569317864376
16	33946116	46	55	1.06388521637447	0.109	A>G	2	2	0	-27.2569317864376
16	33946117	46	55	1.06388521637447	0.127	C>A	2	2	0	-32.531054309746
16	33946131	46	63	1.06388521637447	0.127	A>G	2	2	0	-32.531054309746
16	33964746	76	47	1.52805797846727	0.149	G>T	2	3	1	-18.3695214463606
16	33964937	73	61	1.52805797846727	0.164	C>T	2	3	1	-17.4230653001547
16	33965735	69	68	1.52805797846727	0.103	C>T	2	3	1	-24.3426689648207
16	33966155	79	44	1.52805797846727	0.159	C>T	2	3	1	-17.4230653001547
16	33967742	50	56	1.52805797846727	0.107	T>C	2	3	1	-22.9643609553334
16	33967820	39	55	1.52805797846727	0.109	C>A	2	3	1	-22.9643609553334
16	33968764	34	52	1.52805797846727	0.173	C>T	2	3	1	-16.5490682334123
16	33969252	32	59	1.52805797846727	0.119	T>C	2	3	1	-21.6842376234339
17	16066832	32	103	0.938325121915621	0.107	T>C	2	2	0	-26.9352763099355
17	21559555	53	79	1.19501065723573	0.114	G>C	2	3	1	-23.1782405344908
17	21560177	50	43	1.19501065723573	0.233	C>G	2	3	1	-12.8779959349013
17	21561749	68	42	1.19501065723573	0.167	A>G	2	3	1	-16.7629478125697
17	21562962	38	58	1.19501065723573	0.121	T>C	2	3	1	-21.8981172025913
17	22251633	44	59	1.07078724522391	0.119	A>T	2	2	0	-29.8483219166281
17	22255642	42	46	1.07078724522391	0.109	G>C	2	2	0	-27.2569317864376
17	22258020	38	43	1.07078724522391	0.209	G>C	2	2	1	-26.8408946394421
17	25267569	48	44	0.703318052487985	0.114	G>A	2	2	0	-27.9056599176551
17	25267923	48	45	0.703318052487985	0.111	T>C	2	2	0	-27.9056599176551
17	25285041	54	40	1.19219937347585	0.15	C>T	2	3	1	-18.583401025518
17	25285556	24	50	1.19219937347585	0.12	C>A	2	3	1	-21.8981172025913
17	25285773	32	44	1.19219937347585	0.114	A>G	2	3	1	-23.1782405344908
17	25288910	33	42	1.87405310762966	0.143	T>G	2	4	1	-13.5283274959761
17	25289776	73	60	1.87405310762966	0.1	T>G	2	4	1	-16.8971252183108
17	25290973	46	42	1.87405310762966	0.143	G>T	2	4	1	-13.5283274959761
17	25291880	38	50	1.87405310762966	0.1	C>A	2	4	1	-16.8971252183108
17	25293381	26	46	1.87405310762966	0.13	G>A	2	4	1	-14.2361571247161
17	25297478	27	48	0.921196656945559	0.188	T>A	2	2	1	-29.1354242215565
18	15408024	38	42	0.648216070264819	0.119	C>T	2	1	0	-30.5240167462135
18	18518805	40	49	0.553342105441335	0.163	G>C	2	1	0	-41.0339780052583
19	27733831	34	97	0.659781717718058	0.134	A>T	2	2	0	-33.4801410673557
19	27733833	34	100	0.659781717718058	0.12	T>A	2	2	0	-30.7974086742378
19	27733834	34	101	0.659781717718058	0.109	T>G	2	2	0	-28.2060185440474
19	27739189	45	48	0.659781717718058	0.104	A>T	2	2	0	-25.7128130914447
20	29611196	65	40	0.959734263580974	0.35	A>T	2	2	1	-14.1880075544896
20	29652968	41	40	0.642947471535806	0.125	G>A	2	1	0	-30.5240167462135
20	29653458	53	47	0.642947471535806	0.149	C>T	2	1	0	-38.8238409554099
21	10704952	42	52	0.474529596654781	0.115	G>T	2	1	0	-29.4595947408631
21	10724528	30	48	0.474529596654781	0.125	G>T	2	1	0	-29.4595947408631
21	10750214	40	40	0.474529596654781	0.1	C>A	2	1	0	-24.3749991580699
21	10756511	44	44	0.474529596654781	0.114	G>C	2	1	0	-26.8682046106726
21	11057496	35	42	0.53404875948263	0.119	G>A	2	1	0	-29.6559625641734
X	685675	54	46	1.05138098951026	0.152	G>T	2	2	1	-35.3355854765931
