chromosome	position	GC.percent	good.reads	adjusted.ratio	F	mutation	CNn	CNt	Mt	LPP
1	142535571	47	41	0.894874225877456	0.122	C>T	2	2	0	-29.6715346555079
1	142537643	51	69	0.894874225877456	0.13	C>G	2	2	0	-32.3542670486258
1	144993436	50	48	0.894874225877456	0.167	A>G	2	2	1	-30.3021420832098
1	145078064	31	45	0.894874225877456	0.133	C>A	2	2	0	-32.3542670486258
1	145078070	31	43	0.894874225877456	0.14	C>T	2	2	1	-34.9556722318725
1	210827364	45	43	1.36150279188969	0.116	A>G	2	3	1	-20.9855629087234
2	89879916	40	59	0.869023807579109	0.102	A>C	2	2	0	-24.7137598482257
4	27333	41	41	0.733630120058322	0.122	G>C	2	2	0	-30.7057782721231
4	49138085	42	46	0.573466657018447	0.413	C>A	2	1	1	-76.2749526261806
7	157940227	61	86	1.25676319230181	0.105	T>C	2	3	1	-23.769550791769
8	86572574	36	52	1.90787357090299	0.154	G>C	2	4	1	-12.6904396486226
9	66455393	49	45	0.719052407977728	0.111	C>T	2	2	0	-28.1143881419327
9	66455609	68	53	0.719052407977728	0.132	A>C	2	2	0	-33.3885106652411
9	68400303	54	48	0.719052407977728	0.104	G>C	2	2	0	-25.62118268933
9	68426854	43	48	0.719052407977728	0.104	G>A	2	2	0	-25.62118268933
9	68429967	56	40	0.719052407977728	0.1	C>T	2	2	0	-25.62118268933
10	42380679	41	48	0.60387472578689	0.104	C>T	2	1	0	-24.7011394087837
10	42390124	38	46	0.60387472578689	0.196	G>A	2	1	0	-53.4040264632919
10	42393788	36	47	0.60387472578689	0.106	A>C	2	1	0	-27.1943448613864
10	42393816	34	51	0.60387472578689	0.137	T>C	2	1	0	-35.23673644579
10	42394609	39	45	0.60387472578689	0.111	A>G	2	1	0	-27.1943448613864
10	42535191	41	68	0.5856013559343	0.103	A>G	2	1	0	-24.5597940336696
10	42598503	42	40	0.5856013559343	0.1	A>G	2	1	0	-24.5597940336696
10	127585643	52	41	0.770844036026253	0.122	C>A	2	2	0	-30.1717050820405
15	20580975	37	51	0.846964462547458	0.176	C>A	2	2	1	-29.0206383206624
16	46406625	35	40	0.484180765792983	0.15	G>T	2	1	0	-37.8081103360091
17	25264420	47	44	0.916012315917889	0.114	G>A	2	2	0	-26.9930692920165
17	25264875	46	46	0.916012315917889	0.109	G>C	2	2	0	-26.9930692920165
18	110632	49	43	0.914838241198078	0.256	T>A	2	2	1	-19.7327747681124
18	18519508	40	55	0.348842843140296	0.145	A>C	2	1	0	-36.4742447142242
18	18519651	36	51	0.348842843140296	0.471	G>C	2	1	1	-63.9682164569468
19	27738918	40	201	0.504443348492415	0.134	G>C	2	1	0	-32.1595803669349
19	44915338	47	43	0.540385623532623	0.116	T>C	2	1	0	-29.4894352350592
20	29652888	38	52	0.769885572830834	0.135	G>A	2	2	1	-35.7026886229782
21	9852574	43	40	0.797664846533869	0.125	G>A	2	2	0	-30.1717050820405
21	10085080	45	42	0.797664846533869	0.119	G>A	2	2	0	-30.1717050820405
21	10699134	33	40	0.797664846533869	0.1	C>T	2	2	0	-25.0871094992474
