chromosome	position	GC.percent	good.reads	adjusted.ratio	F	mutation	CNn	CNt	Mt	LPP
1	121356015	38	96	0.828791834639582	0.125	A>T	2	4	1	-14.7209741034126
1	121478395	30	45	0.828791834639582	0.133	C>T	2	4	1	-13.9635518716152
1	143540364	48	42	1.05169612027913	0.143	A>G	2	6	1	-10.3712536796159
1	143540392	36	49	1.05169612027913	0.102	C>T	2	6	1	-11.6416189344184
1	143543773	34	40	1.05169612027913	0.2	G>A	2	6	1	-10.8296002594046
1	149032855	33	43	1.60096697446536	0.14	C>T	2	9	1	-10.5680946161758
2	89868853	43	58	1.44437538499555	0.103	T>A	2	8	1	-10.2287975790519
2	89869780	40	43	1.44437538499555	0.116	A>T	2	8	1	-10.0640559775187
2	89869846	44	47	1.44437538499555	0.106	C>T	2	8	1	-10.0973344394914
2	89872392	39	52	1.44437538499555	0.154	C>G	2	8	1	-10.4898744102257
2	89872507	35	63	1.44437538499555	0.127	C>G	2	8	1	-10.1221197784735
2	89876007	40	56	1.44437538499555	0.107	T>A	2	8	1	-10.0973344394914
2	89877123	39	40	1.44437538499555	0.15	G>A	2	8	1	-10.4898744102257
2	89879412	40	51	1.44437538499555	0.137	A>T	2	8	1	-10.2657202474056
2	91812468	37	48	1.22509557605111	0.125	G>C	2	7	1	-10.2649719331354
2	91813085	36	48	1.22509557605111	0.125	G>A	2	7	1	-10.2649719331354
2	92296580	38	62	1.25992646426777	0.113	A>G	2	7	1	-10.4145909972702
2	92306004	33	42	1.18747710958874	0.167	G>C	2	6	1	-10.278483398535
2	92306012	33	47	1.18747710958874	0.17	G>A	2	6	1	-10.278483398535
2	92309054	35	50	1.18747710958874	0.1	G>T	2	6	1	-11.6319239059793
2	92320584	40	85	1.18747710958874	0.118	C>A	2	6	1	-10.813538342868
2	92321632	38	45	1.18747710958874	0.133	T>C	2	6	1	-10.5447801630337
2	92321728	39	67	1.18747710958874	0.104	A>C	2	6	1	-11.6319239059793
2	92323829	40	48	2.3783054157928	0.125	C>G	2	13	2	-10.4070943052479
2	133006045	34	66	2.10344622796526	0.242	G>A	2	12	3	-10.2939503730991
2	162135943	32	80	0.68121398304564	0.113	G>T	2	4	1	-15.5298790841714
2	162135949	32	70	0.68121398304564	0.143	G>A	2	4	1	-13.2518067938289
4	49093302	39	48	1.06910766219038	0.104	G>A	2	6	1	-11.5986937560864
4	49093580	46	44	2.195	0.182	C>A	2	12	2	-10.2527804364475
4	49098439	44	68	1.1324651698295	0.118	C>A	2	6	1	-10.7770504968166
4	49112052	43	61	1.1324651698295	0.115	C>T	2	6	1	-10.7770504968166
4	49122262	41	128	1.1324651698295	0.102	C>T	2	6	1	-11.5954360599279
4	49122316	38	60	1.1324651698295	0.1	C>G	2	6	1	-11.5954360599279
4	49152610	39	60	1.1324651698295	0.1	G>T	2	6	1	-11.5954360599279
4	49155702	40	55	1.1324651698295	0.109	A>T	2	6	1	-11.1371509395783
4	49155729	40	43	1.1324651698295	0.14	C>G	2	6	1	-10.3250708051253
4	49657893	42	48	1.1324651698295	0.125	G>A	2	6	1	-10.7770504968166
4	68264925	38	56	1.02161283269454	0.143	T>G	2	6	1	-10.3712536796159
4	68265685	34	148	1.02161283269454	0.358	A>G	2	6	2	-10.7991427776982
6	61913485	29	42	1.37838440624086	0.119	T>G	2	8	1	-10.1071516559278
7	945279	46	125	1.01687273214753	0.136	A>G	2	5	1	-11.1923281565552
7	61055559	39	54	1.12643374698558	0.111	C>A	2	6	1	-11.1371509395783
7	61055561	39	54	1.12643374698558	0.13	G>A	2	6	1	-10.5082923169823
7	61100382	35	48	1.12643374698558	0.104	T>G	2	6	1	-11.5954360599279
7	61745046	36	49	1.12643374698558	0.102	A>T	2	6	1	-11.5954360599279
7	61754894	37	46	1.12643374698558	0.174	T>C	2	6	1	-10.2419955524835
7	61754939	31	65	1.12643374698558	0.123	G>T	2	6	1	-10.7770504968166
7	61784564	39	66	1.12643374698558	0.106	A>G	2	6	1	-11.1371509395783
7	61784748	31	44	1.12643374698558	0.114	G>A	2	6	1	-11.1371509395783
7	61791430	42	49	1.12643374698558	0.102	A>T	2	6	1	-11.5954360599279
7	61827634	42	60	1.12643374698558	0.1	G>A	2	6	1	-11.5954360599279
7	61967928	39	52	1.12643374698558	0.346	T>C	2	6	2	-10.6081214396684
7	61970685	37	43	1.12643374698558	0.14	C>A	2	6	1	-10.3250708051253
7	61970687	37	44	1.12643374698558	0.136	T>A	2	6	1	-10.3250708051253
7	61970718	37	52	1.12643374698558	0.115	A>T	2	6	1	-10.7770504968166
7	152105050	34	42	1.02738613581097	0.119	C>G	2	6	1	-10.8232333713071
7	152105054	34	40	1.02738613581097	0.125	A>T	2	6	1	-10.8232333713071
9	66462334	36	45	1.34428633461186	0.156	T>G	2	7	1	-10.3633222290429
9	66462338	36	47	1.34428633461186	0.149	T>C	2	7	1	-10.2130519216213
9	66462352	36	50	1.34428633461186	0.14	G>A	2	7	1	-10.1390161751005
9	66465271	39	54	1.34428633461186	0.167	T>C	2	7	1	-10.5860516159279
9	66833368	33	40	1.34428633461186	0.125	G>C	2	7	1	-10.2375887378123
9	66833373	35	48	1.34428633461186	0.104	G>T	2	7	1	-10.7025671719441
9	66833377	35	50	1.34428633461186	0.1	T>G	2	7	1	-10.7025671719441
9	68396796	36	70	1.34428633461186	0.129	G>A	2	7	1	-10.1455341224677
9	68401770	29	80	1.34428633461186	0.2	A>G	2	7	1	-11.6575841418276
9	68401771	29	84	1.34428633461186	0.107	T>A	2	7	1	-10.4209856160843
9	68415073	36	41	1.34428633461186	0.22	G>A	2	7	2	-11.2159802869929
9	68415651	29	47	1.34428633461186	0.106	T>C	2	7	1	-10.4209856160843
9	68416383	48	45	1.34428633461186	0.133	C>T	2	7	1	-10.1455341224677
9	68416771	62	52	1.34428633461186	0.115	C>T	2	7	1	-10.2375887378123
9	68417230	39	113	1.34428633461186	0.115	A>T	2	7	1	-10.2375887378123
9	68417664	20	105	1.34428633461186	0.124	T>G	2	7	1	-10.2375887378123
9	68418366	25	52	1.34428633461186	0.154	A>G	2	7	1	-10.2130519216213
9	68419797	23	51	1.34428633461186	0.118	C>A	2	7	1	-10.2375887378123
9	68419973	36	52	1.34428633461186	0.115	T>G	2	7	1	-10.2375887378123
9	68420237	30	73	1.34428633461186	0.11	T>C	2	7	1	-10.4209856160843
9	68420462	30	82	1.34428633461186	0.122	G>A	2	7	1	-10.2375887378123
9	68420639	29	94	1.34428633461186	0.128	C>T	2	7	1	-10.1455341224677
9	68420748	42	68	1.34428633461186	0.103	G>A	2	7	1	-10.7025671719441
9	68421099	29	59	1.34428633461186	0.119	G>A	2	7	1	-10.2375887378123
9	68421748	33	94	1.34428633461186	0.138	C>T	2	7	1	-10.1390161751005
9	68421771	33	78	1.34428633461186	0.103	A>T	2	7	1	-10.7025671719441
9	68422199	45	74	1.34428633461186	0.122	G>A	2	7	1	-10.2375887378123
9	68422329	28	41	1.34428633461186	0.22	C>T	2	7	2	-11.2159802869929
9	68424465	45	49	1.34428633461186	0.102	A>G	2	7	1	-10.7025671719441
9	68425121	27	90	1.34428633461186	0.122	A>G	2	7	1	-10.2375887378123
10	38815770	40	71	1.50849375747352	0.113	G>A	2	8	1	-10.0951434309777
10	38816343	38	53	1.50849375747352	0.132	G>C	2	8	1	-10.1199287699598
10	38816931	38	60	1.50849375747352	0.167	C>A	2	8	1	-11.1609199286172
10	38817856	40	74	1.50849375747352	0.122	G>C	2	8	1	-10.061864969005
10	38818016	41	52	1.50849375747352	0.154	G>A	2	8	1	-10.487683401712
10	38818028	37	55	1.50849375747352	0.145	A>C	2	8	1	-10.2635292388919
10	38818129	38	50	1.50849375747352	0.14	T>A	2	8	1	-10.2635292388919
10	38818264	40	63	1.50849375747352	0.111	T>A	2	8	1	-10.0951434309777
10	38818273	40	69	1.50849375747352	0.116	A>G	2	8	1	-10.061864969005
10	39083910	40	41	1.50849375747352	0.146	G>A	2	8	1	-10.487683401712
10	39128879	37	150	1.50849375747352	0.113	C>A	2	8	1	-10.0951434309777
10	42355399	44	63	1.29009159916609	0.127	G>C	2	7	1	-10.1391395036536
10	42356343	43	40	1.29009159916609	0.3	G>C	2	7	2	-10.5178912053773
10	42356619	46	45	1.29009159916609	0.111	C>T	2	7	1	-10.4145909972702
10	42358421	39	45	1.29009159916609	0.111	T>C	2	7	1	-10.4145909972702
10	42358777	39	59	1.29009159916609	0.136	C>T	2	7	1	-10.1326215562864
10	42363512	39	42	1.29009159916609	0.143	G>A	2	7	1	-10.1326215562864
10	42369642	40	55	1.29009159916609	0.182	T>A	2	7	1	-10.8715209888854
10	42369691	40	50	1.29009159916609	0.1	G>T	2	7	1	-10.6961725531299
10	42377903	40	59	1.29009159916609	0.102	T>G	2	7	1	-10.6961725531299
10	42380313	41	188	1.29009159916609	0.101	C>A	2	7	1	-10.6961725531299
10	42380877	45	77	1.29009159916609	0.169	T>C	2	7	1	-10.5796569971138
10	42381645	39	64	1.29009159916609	0.141	A>T	2	7	1	-10.1326215562864
10	42382130	39	168	1.29009159916609	0.137	A>T	2	7	1	-10.1326215562864
10	42385879	34	47	0.975402340780443	0.298	T>A	2	5	2	-12.0623466172006
10	42399414	31	66	0.975402340780443	0.197	A>G	2	5	1	-10.307470588091
10	42399629	41	46	0.975402340780443	0.152	A>G	2	5	1	-10.8203326985519
10	42404996	35	51	0.975402340780443	0.118	T>A	2	5	1	-12.0193061131431
10	42406615	38	48	0.975402340780443	0.167	G>A	2	5	1	-10.4103746605916
10	42407879	29	82	0.975402340780443	0.122	C>G	2	5	1	-12.0193061131431
10	42407881	29	81	0.975402340780443	0.111	A>C	2	5	1	-12.5941818575485
10	42407892	29	67	0.975402340780443	0.134	G>T	2	5	1	-11.5357726316651
10	42530477	39	50	0.975402340780443	0.12	G>C	2	5	1	-12.0193061131431
10	42532716	34	72	0.975402340780443	0.139	A>T	2	5	1	-11.1377758181645
10	42534881	38	82	0.975402340780443	0.11	G>A	2	5	1	-12.5941818575485
11	50772179	37	45	1.992	0.2	C>T	2	11	2	-10.3652176120765
11	50772192	37	43	1.903	0.14	A>T	2	11	2	-10.6466118047823
11	51570143	39	49	1.1668659225703	0.102	C>A	2	6	1	-11.6319239059793
11	51575791	39	81	1.1668659225703	0.111	A>C	2	6	1	-11.1736387856298
12	34837656	35	43	1.33032441074097	0.326	A>T	2	7	2	-11.0698533309874
15	20458389	39	42	1.20966131206918	0.167	A>G	2	7	1	-10.6134348112511
15	20458405	39	47	1.20966131206918	0.17	T>A	2	7	1	-10.6134348112511
16	33970962	45	47	1.81082595003609	0.106	A>C	2	10	1	-10.078537444633
16	33974650	36	89	1.81082595003609	0.135	C>A	2	10	1	-10.9846612312736
16	33974728	31	133	1.81082595003609	0.105	C>A	2	10	1	-9.96408792461794
16	33974907	31	89	1.81082595003609	0.213	G>A	2	10	2	-10.3200620631303
16	33975146	37	75	1.81082595003609	0.12	T>G	2	10	1	-10.2911716422357
16	33975450	36	70	1.81082595003609	0.1	G>A	2	10	1	-9.96408792461794
16	33975536	35	106	1.81082595003609	0.123	T>A	2	10	1	-10.2911716422357
16	33975724	38	59	1.81082595003609	0.102	A>G	2	10	1	-9.96408792461794
16	33976340	37	47	1.81082595003609	0.17	C>A	2	10	2	-10.4158299938341
16	33976489	34	57	1.81082595003609	0.158	C>T	2	10	2	-10.6056328822803
16	33976507	38	44	1.81082595003609	0.136	G>T	2	10	1	-10.9846612312736
16	33976508	38	44	1.81082595003609	0.136	G>T	2	10	1	-10.9846612312736
16	33976526	38	48	1.81082595003609	0.208	G>C	2	10	2	-10.3200620631303
16	33984110	37	63	1.81082595003609	0.127	T>A	2	10	1	-10.595148102766
16	33988135	35	55	1.81082595003609	0.2	C>T	2	10	2	-10.2497656937399
16	33988158	35	61	1.81082595003609	0.115	A>C	2	10	1	-10.2911716422357
16	46391153	38	42	1.59372715886696	0.19	T>G	2	9	2	-10.5033472568947
16	46398435	34	43	1.59372715886696	0.116	G>A	2	9	1	-10.1402443041924
16	46401637	38	65	1.59372715886696	0.138	C>A	2	9	1	-10.602901551938
16	46423453	32	61	1.59372715886696	0.115	C>A	2	9	1	-10.1402443041924
16	46427140	37	63	1.59372715886696	0.159	T>A	2	9	2	-11.2597875974456
17	25266166	41	42	0.940061761155709	0.119	T>C	2	5	1	-12.004374567927
17	25266368	47	87	0.940061761155709	0.115	T>A	2	5	1	-12.004374567927
17	25267645	48	50	0.940061761155709	0.1	G>A	2	5	1	-13.2523107343256
18	15408034	38	59	1.18133351975083	0.203	A>C	2	6	1	-10.8199052309654
18	15408138	40	40	1.18133351975083	0.15	C>T	2	6	1	-10.2588908332078
18	18516479	34	47	1.12273255497883	0.106	T>A	2	6	1	-11.1371509395783
19	27737283	43	69	0.981807503649346	0.217	G>T	2	5	1	-10.6038212814999
19	27737590	40	49	0.981807503649346	0.122	G>C	2	5	1	-12.0738584515338
19	27738590	40	198	0.981807503649346	0.131	T>A	2	5	1	-11.5903249700559
19	27739088	38	68	0.981807503649346	0.103	T>G	2	5	1	-13.3217946179325
19	27740050	31	52	1.39453751463071	0.462	C>T	2	8	4	-10.7004862898124
20	29806115	40	40	1.08165837597872	0.1	A>C	2	6	1	-11.5986937560864
21	10141131	35	60	1.0018158847272	0.133	C>T	2	5	1	-11.5903249700559
21	10698193	41	61	1.30501065736763	0.148	C>T	2	7	1	-10.2130519216213
21	10698206	41	62	1.30501065736763	0.242	T>A	2	7	2	-10.7299782779716
21	10698488	34	61	1.30501065736763	0.115	C>G	2	7	1	-10.2375887378123
21	10698728	37	63	1.30501065736763	0.159	T>C	2	7	1	-10.3633222290429
21	10698770	37	53	1.30501065736763	0.113	T>C	2	7	1	-10.4209856160843
21	10698893	33	70	1.30501065736763	0.129	G>A	2	7	1	-10.1455341224677
21	10698925	33	105	1.30501065736763	0.152	A>T	2	7	1	-10.2130519216213
21	10699645	38	68	1.30501065736763	0.103	A>G	2	7	1	-10.7025671719441
21	10699752	34	53	1.30501065736763	0.189	T>C	2	7	1	-11.2359681812739
21	10699925	34	49	1.30501065736763	0.143	T>A	2	7	1	-10.1390161751005
21	10700784	39	72	1.30501065736763	0.125	C>T	2	7	1	-10.2375887378123
21	10700906	35	47	1.30501065736763	0.128	G>C	2	7	1	-10.1455341224677
21	10701543	39	87	1.30501065736763	0.126	T>C	2	7	1	-10.1455341224677
21	10701911	36	58	1.30501065736763	0.103	T>A	2	7	1	-10.7025671719441
21	10703201	40	44	1.30501065736763	0.136	C>T	2	7	1	-10.1390161751005
21	10704942	29	50	1.30501065736763	0.1	A>G	2	7	1	-10.7025671719441
21	10705919	38	55	1.30501065736763	0.109	C>T	2	7	1	-10.4209856160843
21	10706749	34	51	1.30501065736763	0.216	G>A	2	7	2	-11.2159802869929
21	10707086	35	59	1.30501065736763	0.203	G>A	2	7	1	-11.6575841418276
21	10707432	28	43	1.30501065736763	0.209	C>T	2	7	2	-11.5439035894791
21	10709267	36	43	1.30501065736763	0.116	G>A	2	7	1	-10.2375887378123
21	10709274	36	44	1.30501065736763	0.114	C>A	2	7	1	-10.4209856160843
21	10709529	36	73	1.30501065736763	0.151	G>A	2	7	1	-10.2130519216213
21	10709791	34	56	1.30501065736763	0.125	C>A	2	7	1	-10.2375887378123
21	10709930	41	47	1.30501065736763	0.106	A>T	2	7	1	-10.4209856160843
21	10710010	36	70	1.30501065736763	0.114	C>T	2	7	1	-10.4209856160843
21	10710322	36	56	1.30501065736763	0.125	C>T	2	7	1	-10.2375887378123
21	10710610	36	43	1.30501065736763	0.116	T>A	2	7	1	-10.2375887378123
21	10710857	32	40	1.30501065736763	0.125	C>A	2	7	1	-10.2375887378123
21	10711361	34	77	1.30501065736763	0.104	T>A	2	7	1	-10.7025671719441
21	10711746	37	46	1.30501065736763	0.109	G>C	2	7	1	-10.4209856160843
21	10712030	35	52	1.30501065736763	0.192	G>A	2	7	1	-11.2359681812739
21	10712292	42	47	1.30501065736763	0.106	G>A	2	7	1	-10.4209856160843
21	10712492	38	52	1.30501065736763	0.173	T>C	2	7	1	-10.5860516159279
21	10712890	38	70	1.30501065736763	0.157	T>G	2	7	1	-10.3633222290429
21	10713225	34	50	1.30501065736763	0.1	A>T	2	7	1	-10.7025671719441
21	10714412	42	62	1.30501065736763	0.113	C>T	2	7	1	-10.4209856160843
21	10714445	42	97	1.30501065736763	0.103	A>T	2	7	1	-10.7025671719441
21	10714660	37	54	1.30501065736763	0.241	C>T	2	7	2	-10.7299782779716
21	10714804	31	92	1.30501065736763	0.163	G>T	2	7	1	-10.3633222290429
21	10715785	32	41	1.30501065736763	0.146	C>G	2	7	1	-10.2130519216213
21	10716949	36	55	1.30501065736763	0.109	A>T	2	7	1	-10.4209856160843
21	10717746	35	95	1.30501065736763	0.105	A>G	2	7	1	-10.7025671719441
21	10718162	37	73	1.30501065736763	0.178	G>A	2	7	1	-10.8779156076996
21	10719020	38	86	1.30501065736763	0.128	G>A	2	7	1	-10.1455341224677
21	10719400	36	75	1.30501065736763	0.107	G>A	2	7	1	-10.4209856160843
21	10722790	35	86	1.30501065736763	0.151	C>T	2	7	1	-10.2130519216213
21	10723064	33	44	1.30501065736763	0.114	A>T	2	7	1	-10.4209856160843
21	10723296	32	42	1.30501065736763	0.119	G>A	2	7	1	-10.2375887378123
21	10723997	35	55	1.30501065736763	0.145	C>A	2	7	1	-10.1390161751005
21	10724241	35	41	1.30501065736763	0.366	A>C	2	7	3	-10.9489444435609
21	10724748	34	44	1.30501065736763	0.114	T>G	2	7	1	-10.4209856160843
21	10724749	34	44	1.30501065736763	0.136	G>C	2	7	1	-10.1390161751005
21	10725055	35	54	1.30501065736763	0.13	T>C	2	7	1	-10.1455341224677
21	10725353	37	42	1.30501065736763	0.167	A>G	2	7	1	-10.5860516159279
21	10726377	42	66	1.30501065736763	0.167	C>T	2	7	1	-10.5860516159279
21	10726518	43	41	1.30501065736763	0.195	G>A	2	7	1	-11.6575841418276
21	10732921	40	43	1.30501065736763	0.163	A>T	2	7	1	-10.3633222290429
21	10733622	40	51	1.30501065736763	0.157	C>T	2	7	1	-10.3633222290429
21	10733643	40	40	1.30501065736763	0.175	G>C	2	7	1	-10.8779156076996
21	10743676	39	84	1.30501065736763	0.107	G>T	2	7	1	-10.4209856160843
21	10749334	43	40	1.30501065736763	0.1	C>T	2	7	1	-10.7025671719441
21	10749522	37	47	1.30501065736763	0.106	T>C	2	7	1	-10.4209856160843
21	10750040	39	44	1.30501065736763	0.114	G>T	2	7	1	-10.4209856160843
21	10750104	35	40	1.30501065736763	0.275	A>G	2	7	2	-10.3941744153553
21	10750151	36	55	1.30501065736763	0.109	C>T	2	7	1	-10.4209856160843
21	10750275	41	43	1.30501065736763	0.14	A>G	2	7	1	-10.1390161751005
21	10750280	39	40	1.30501065736763	0.15	A>G	2	7	1	-10.2130519216213
21	10752302	40	47	1.30501065736763	0.149	C>T	2	7	1	-10.2130519216213
21	10756185	34	42	1.30501065736763	0.238	G>T	2	7	2	-10.7299782779716
21	10756188	34	44	1.30501065736763	0.25	C>T	2	7	2	-10.5686028591759
21	10756684	31	46	1.30501065736763	0.13	A>T	2	7	1	-10.1455341224677
21	10757987	43	44	1.30501065736763	0.159	A>G	2	7	1	-10.3633222290429
21	10758702	33	46	1.30501065736763	0.152	G>A	2	7	1	-10.2130519216213
21	10759773	37	43	1.30501065736763	0.186	C>A	2	7	1	-11.2359681812739
21	10761164	36	64	1.30501065736763	0.109	A>C	2	7	1	-10.4209856160843
21	10761383	39	49	1.30501065736763	0.143	A>T	2	7	1	-10.1390161751005
21	10761403	38	50	1.30501065736763	0.14	G>A	2	7	1	-10.1390161751005
21	10762719	38	48	1.30501065736763	0.104	A>G	2	7	1	-10.7025671719441
21	10765064	32	46	1.30501065736763	0.109	T>C	2	7	1	-10.4209856160843
21	10765696	33	53	1.30501065736763	0.132	T>C	2	7	1	-10.1455341224677
21	10765721	33	44	1.30501065736763	0.159	A>C	2	7	1	-10.3633222290429
21	10765904	33	61	1.30501065736763	0.115	G>T	2	7	1	-10.2375887378123
21	10766317	39	51	1.30501065736763	0.118	C>G	2	7	1	-10.2375887378123
21	10772925	37	49	1.30501065736763	0.143	T>G	2	7	1	-10.1390161751005
21	10772926	37	51	1.30501065736763	0.118	A>G	2	7	1	-10.2375887378123
21	10772968	35	43	1.30501065736763	0.209	G>T	2	7	2	-11.5439035894791
21	10773358	35	54	1.30501065736763	0.13	T>C	2	7	1	-10.1455341224677
21	10773548	35	55	1.30501065736763	0.2	G>A	2	7	1	-11.6575841418276
21	10797583	49	41	1.30501065736763	0.146	G>A	2	7	1	-10.2130519216213
21	10797697	36	46	1.30501065736763	0.152	G>T	2	7	1	-10.2130519216213
21	11070061	31	47	1.61897385196918	0.213	T>G	2	9	2	-10.2869273978866
21	11082154	46	45	1.61897385196918	0.111	C>T	2	9	1	-10.0082193414736
X	61733265	36	68	1.07635042086903	0.118	G>T	2	6	1	-10.7803081929751
